454428355781514
724324041760939
825672477928163
2128149830659903
430168631482324
1919157124994769
352050306365946
596726124639129
1074896412959245
352684785242432
2761879607225343
658829488069995
768667314020403
1136565976470058
276035896906771
665386924247534
wrestlemania77
352684785242432
265132374869823
665386924247534
773770146678530
430168631482324
665386924247534
339686620981610
702779613735414
fansgroupofwwe
265132374869823
wrestlemania77
1074896412959245
1919157124994769
1321309737996759
100663257070831
1869002986533504
486588368117220
627146717358105
298947920117150
724324041760939
766085103416761
608608309498390
708677909196335
1030889820307322
239099659776390
127710670637044
227635901855944
250019609594358
557876474971155
551513995357776
227635901855944
546317449733514
869216396953146
2871664746493357
521100141336230
724324041760939
265132374869823
162128222532619
265132374869823
551513995357776
250019609594358
665386924247534
430168631482324
724324041760939
192865505361113
454428355781514
2128149830659903
1074896412959245
1919157124994769
250019609594358
204241607697684
534988747089626
804612470189870
1927657857328929
2672170446352653
839151153217502
354936729177445
177004482920687
521100141336230
869216396953146
amivon
148686622205668
712716198803267
sellinmiami
1764555623795496
539391343111161
1858654150896562
1442755352679122
693226264041508
520848384622700
651393941592024
876292065818098
167596863287486
bitcoin24h
2007337522887259
utahclasificados
1858654150896562
417118038695522
usa.buy.sell.market.free
1880228145341758
272623709605802
892549360797254
155697994874823
287718731323386
507694509280812
889875721109202
317945608864239
1500260496938834
685965521503291
1586619934937716
1770126553316603
1387041718042391
1530358020581100
1957740964478492
227493857378291
1640919566151321
liberianentertainmentawards
Jobinmelbourne
530752744066447
506493513433141
1484997255104258
685965521503291
943621899038687
329723290559374
artgallery16
798264713559913
layardealbuquerquenm
PassiveIncomeFromBitcoin79
HYIP.Raj
189424319832
980519088973962
forexeurusd
1609865885987258
1733227456928173
1736390650025132
272982409769901
269023996564371
1855733728039070
USASMP
Secret.Saphires
270711810444350
285666718277824
818560684871450
466526673728410
485260745569018
AbuDHabi.Online.4Market